source,league.year,league.name,ident,person.ref,person.name.last,person.name.given,S_STINT,entry.name,S_FIRST,S_LAST,B_G,P_G,F_1B_G,F_2B_G,F_3B_G,F_SS_G,F_OF_G,F_LF_G,F_CF_G,F_RF_G,F_C_G,F_P_G,F_ALL_G
minoraverages/1908Reach,1907,Virginia League,anthony,B00609,Anthony,,0,Lynchburg,,,131,,,,,,,,,,,,
minoraverages/1908Reach,1907,Virginia League,anthony,F21182,Anthony,,0,Lynchburg,,,,,,,,,131,,,,,,
minoraverages/1908Reach,1907,Virginia League,armstrong,P10493,Armstrong,,0,Norfolk,,,,2,,,,,,,,,,,
minoraverages/1908Reach,1907,Virginia League,barrett,P10432,Barrett,,0,Lynchburg,,,,3,,,,,,,,,,,
minoraverages/1908Reach,1907,Virginia League,bateman,B00999,Bateman,,1,Roanoke,,,,,,,,,,,,,,,
minoraverages/1908Reach,1907,Virginia League,bateman,B00999,Bateman,,2,Richmond,,,,,,,,,,,,,,,
minoraverages/1908Reach,1907,Virginia League,bateman,B00999,Bateman,,T,,,,31,,,,,,,,,,,,
minoraverages/1908Reach,1907,Virginia League,bateman,F20474,Bateman,,1,Roanoke,,,,,,yes,,,,,,,,,
minoraverages/1908Reach,1907,Virginia League,bateman,F20474,Bateman,,2,Richmond,,,,,,yes,,,,,,,,,
minoraverages/1908Reach,1907,Virginia League,bateman,F20474,Bateman,,T,,,,,,,31,,,,,,,,,
minoraverages/1908Reach,1907,Virginia League,bentley,B00045,Bentley,,0,Lynchburg,,,59,,,,,,,,,,,,
minoraverages/1908Reach,1907,Virginia League,bentley,F20102,Bentley,,0,Lynchburg,,,,,,,,,,,,,56,,
minoraverages/1908Reach,1907,Virginia League,bertrand,B00491,Bertrand,,0,Norfolk,,,25,,,,,,,,,,,,
minoraverages/1908Reach,1907,Virginia League,bertrand,F20832,Bertrand,,0,Norfolk,,,,,,,,,,,,,,25,
minoraverages/1908Reach,1907,Virginia League,bertrand,P10024,Bertrand,,0,Norfolk,,,,20,,,,,,,,,,,
minoraverages/1908Reach,1907,Virginia League,betscher,B01093,Betscher,,0,Lynchburg,,,33,,,,,,,,,,,,
minoraverages/1908Reach,1907,Virginia League,betscher,F20620,Betscher,,0,Lynchburg,,,,,,,33,,,,,,,,
minoraverages/1908Reach,1907,Virginia League,bowen.j-dan+ric,B00614,Bowen,J.,1,Danville,,,,,,,,,,,,,,,
minoraverages/1908Reach,1907,Virginia League,bowen.j-dan+ric,B00614,Bowen,J.,2,Richmond,,,,,,,,,,,,,,,
minoraverages/1908Reach,1907,Virginia League,bowen.j-dan+ric,B00614,Bowen,J.,T,,,,60,,,,,,,,,,,,
minoraverages/1908Reach,1907,Virginia League,bowen.a-lyn,B00854,Bowen,A.,0,Lynchburg,,,130,,,,,,,,,,,,
minoraverages/1908Reach,1907,Virginia League,bowen.j-dan+ric,F20303,Bowen,J.,1,Danville,,,,,yes,,,,,,,,,,
minoraverages/1908Reach,1907,Virginia League,bowen.j-dan+ric,F20303,Bowen,J.,2,Richmond,,,,,yes,,,,,,,,,,
minoraverages/1908Reach,1907,Virginia League,bowen.j-dan+ric,F20303,Bowen,J.,T,,,,,,60,,,,,,,,,,
minoraverages/1908Reach,1907,Virginia League,bowen.a-lyn,F20505,Bowen,A.,0,Lynchburg,,,,,,38,,,,,,,,,
minoraverages/1908Reach,1907,Virginia League,bowen.a-lyn,F20776,Bowen,A.,0,Lynchburg,,,,,,,,92,,,,,,,
minoraverages/1908Reach,1907,Virginia League,brodie,B00059,Brodie,,0,Roanoke,,,72,,,,,,,,,,,,
minoraverages/1908Reach,1907,Virginia League,brodie,F21174,Brodie,,0,Roanoke,,,,,,,,,72,,,,,,
minoraverages/1908Reach,1907,Virginia League,buesse,B00092,Buesse,,0,Norfolk,,,10,,,,,,,,,,,,
minoraverages/1908Reach,1907,Virginia League,buesse,F20153,Buesse,,0,Norfolk,,,,,,,,,,,,,10,,
minoraverages/1908Reach,1907,Virginia League,burns,B00912,Burns,,0,Portsmouth,,,78,,,,,,,,,,,,
minoraverages/1908Reach,1907,Virginia League,burns,F20067,Burns,,0,Portsmouth,,,,,,,,,,,,,78,,
minoraverages/1908Reach,1907,Virginia League,butman,B00544,Butman,,0,Portsmouth,,,69,,,,,,,,,,,,
minoraverages/1908Reach,1907,Virginia League,butman,F20316,Butman,,0,Portsmouth,,,,,69,,,,,,,,,,
minoraverages/1908Reach,1907,Virginia League,carroll,B00502,Carroll,,0,Richmond,,,16,,,,,,,,,,,,
minoraverages/1908Reach,1907,Virginia League,carroll,F20369,Carroll,,0,Richmond,,,,,16,,,,,,,,,,
minoraverages/1908Reach,1907,Virginia League,carter,B00887,Carter,,1,Lynchburg,,,,,,,,,,,,,,,
minoraverages/1908Reach,1907,Virginia League,carter,B00887,Carter,,2,Richmond,,,,,,,,,,,,,,,
minoraverages/1908Reach,1907,Virginia League,carter,B00887,Carter,,3,Portsmouth,,,,,,,,,,,,,,,
minoraverages/1908Reach,1907,Virginia League,carter,B00887,Carter,,T,,,,27,,,,,,,,,,,,
minoraverages/1908Reach,1907,Virginia League,carter,F20807,Carter,,1,Lynchburg,,,,,,,,,,,,,,yes,
minoraverages/1908Reach,1907,Virginia League,carter,F20807,Carter,,2,Richmond,,,,,,,,,,,,,,yes,
minoraverages/1908Reach,1907,Virginia League,carter,F20807,Carter,,3,Portsmouth,,,,,,,,,,,,,,yes,
minoraverages/1908Reach,1907,Virginia League,carter,F20807,Carter,,T,,,,,,,,,,,,,,,27,
minoraverages/1908Reach,1907,Virginia League,carter,P10277,Carter,,1,Lynchburg,,,,,,,,,,,,,,,
minoraverages/1908Reach,1907,Virginia League,carter,P10277,Carter,,2,Richmond,,,,,,,,,,,,,,,
minoraverages/1908Reach,1907,Virginia League,carter,P10277,Carter,,3,Portsmouth,,,,,,,,,,,,,,,
minoraverages/1908Reach,1907,Virginia League,carter,P10277,Carter,,T,,,,,27,,,,,,,,,,,
minoraverages/1908Reach,1907,Virginia League,cassidy-ric,B00747,Cassidy,,0,Richmond,,,19,,,,,,,,,,,,
minoraverages/1908Reach,1907,Virginia League,cassidy-por,B01010,Cassidy,,0,Portsmouth,,,31,,,,,,,,,,,,
minoraverages/1908Reach,1907,Virginia League,cassidy-ric,F21125,Cassidy,,0,Richmond,,,,,,,,,,,,,,19,
minoraverages/1908Reach,1907,Virginia League,cassidy-por,F21293,Cassidy,,0,Portsmouth,,,,,,,,,28,,,,,,
minoraverages/1908Reach,1907,Virginia League,cassidy-ric,P10081,Cassidy,,0,Richmond,,,,19,,,,,,,,,,,
minoraverages/1908Reach,1907,Virginia League,chaffee,B00904,Chaffee,,1,Norfolk,,,,,,,,,,,,,,,
minoraverages/1908Reach,1907,Virginia League,chaffee,B00904,Chaffee,,2,Roanoke,,,,,,,,,,,,,,,
minoraverages/1908Reach,1907,Virginia League,chaffee,B00904,Chaffee,,T,,,,10,,,,,,,,,,,,
minoraverages/1908Reach,1907,Virginia League,chaffee,F20014,Chaffee,,1,Norfolk,,,,,,,,,,,,,yes,,
minoraverages/1908Reach,1907,Virginia League,chaffee,F20014,Chaffee,,2,Roanoke,,,,,,,,,,,,,yes,,
minoraverages/1908Reach,1907,Virginia League,chaffee,F20014,Chaffee,,T,,,,,,,,,,,,,,10,,
minoraverages/1908Reach,1907,Virginia League,clark,B00434,Clark,,1,Roanoke,,,,,,,,,,,,,,,
minoraverages/1908Reach,1907,Virginia League,clark,B00434,Clark,,2,Portsmouth,,,,,,,,,,,,,,,
minoraverages/1908Reach,1907,Virginia League,clark,B00434,Clark,,T,,,,92,,,,,,,,,,,,
minoraverages/1908Reach,1907,Virginia League,clark,F20265,Clark,,1,Roanoke,,,,,yes,,,,,,,,,,
minoraverages/1908Reach,1907,Virginia League,clark,F20265,Clark,,2,Portsmouth,,,,,yes,,,,,,,,,,
minoraverages/1908Reach,1907,Virginia League,clark,F20265,Clark,,T,,,,,,28,,,,,,,,,,
minoraverages/1908Reach,1907,Virginia League,clark,F20430,Clark,,1,Roanoke,,,,,,yes,,,,,,,,,
minoraverages/1908Reach,1907,Virginia League,clark,F20430,Clark,,2,Portsmouth,,,,,,yes,,,,,,,,,
minoraverages/1908Reach,1907,Virginia League,clark,F20430,Clark,,T,,,,,,,63,,,,,,,,,
minoraverages/1908Reach,1907,Virginia League,clayton,B00196,Clayton,,0,Roanoke,,,79,,,,,,,,,,,,
minoraverages/1908Reach,1907,Virginia League,clayton,F20496,Clayton,,0,Roanoke,,,,,,45,,,,,,,,,
minoraverages/1908Reach,1907,Virginia League,clayton,F20685,Clayton,,0,Roanoke,,,,,,,19,,,,,,,,
minoraverages/1908Reach,1907,Virginia League,clayton,F20768,Clayton,,0,Roanoke,,,,,,,,10,,,,,,,
minoraverages/1908Reach,1907,Virginia League,cominger,B01124,Cominger,,0,Danville,,,13,,,,,,,,,,,,
minoraverages/1908Reach,1907,Virginia League,cominger,F20981,Cominger,,0,Danville,,,,,,,,,,,,,,13,
minoraverages/1908Reach,1907,Virginia League,cominger,P10361,Cominger,,0,Danville,,,,14,,,,,,,,,,,
minoraverages/1908Reach,1907,Virginia League,cook,B00163,Cook,,0,Portsmouth,,,61,,,,,,,,,,,,
minoraverages/1908Reach,1907,Virginia League,cook,F20342,Cooke,,0,Portsmouth,,,,,23,,,,,,,,,,
minoraverages/1908Reach,1907,Virginia League,cook,F21434,Cooke,,0,Portsmouth,,,,,,,,,38,,,,,,
minoraverages/1908Reach,1907,Virginia League,cooley,B00667,Cooley,,1,Roanoke,,,,,,,,,,,,,,,
minoraverages/1908Reach,1907,Virginia League,cooley,B00667,Cooley,,2,Norfolk,,,,,,,,,,,,,,,
minoraverages/1908Reach,1907,Virginia League,cooley,B00667,Cooley,,T,,,,19,,,,,,,,,,,,
minoraverages/1908Reach,1907,Virginia League,cooley,F21469,Cooley,,1,Roanoke,,,,,,,,,yes,,,,,,
minoraverages/1908Reach,1907,Virginia League,cooley,F21469,Cooley,,2,Norfolk,,,,,,,,,yes,,,,,,
minoraverages/1908Reach,1907,Virginia League,cooley,F21469,Cooley,,T,,,,,,,,,,19,,,,,,
minoraverages/1908Reach,1907,Virginia League,cooper,B00475,Cooper,,1,Danville,,,,,,,,,,,,,,,
minoraverages/1908Reach,1907,Virginia League,cooper,B00475,Cooper,,2,Roanoke,,,,,,,,,,,,,,,
minoraverages/1908Reach,1907,Virginia League,cooper,B00475,Cooper,,T,,,,39,,,,,,,,,,,,
minoraverages/1908Reach,1907,Virginia League,cooper,F20131,Cooper,,1,Roanoke,,,,,,,,,,,,,yes,,
minoraverages/1908Reach,1907,Virginia League,cooper,F20131,Cooper,,2,Norfolk,,,,,,,,,,,,,yes,,
minoraverages/1908Reach,1907,Virginia League,cooper,F20131,Cooper,,T,,,,,,,,,,,,,,39,,
minoraverages/1908Reach,1907,Virginia League,cote,B00806,Cote,,0,Roanoke,,,66,,,,,,,,,,,,
minoraverages/1908Reach,1907,Virginia League,cote,F20046,Cote,,0,Roanoke,,,,,,,,,,,,,53,,
minoraverages/1908Reach,1907,Virginia League,cote,F20298,Cote,,0,Roanoke,,,,,13,,,,,,,,,,
minoraverages/1908Reach,1907,Virginia League,cowan,B00515,Cowan,,0,Richmond,,,93,,,,,,,,,,,,
minoraverages/1908Reach,1907,Virginia League,cowan,F20051,Cowan,,0,Richmond,,,,,,,,,,,,,53,,
minoraverages/1908Reach,1907,Virginia League,cowan,F20287,Cowan,,0,Richmond,,,,,26,,,,,,,,,,
minoraverages/1908Reach,1907,Virginia League,cowan,F20657,Cowan,,0,Richmond,,,,,,,14,,,,,,,,
minoraverages/1908Reach,1907,Virginia League,croughn,B00442,Croughn,,0,Portsmouth,,,15,,,,,,,,,,,,
minoraverages/1908Reach,1907,Virginia League,croughn,F21488,Croughn,,0,Portsmouth,,,,,,,,,15,,,,,,
minoraverages/1908Reach,1907,Virginia League,cummings,F21403,Cum'ings,,1,Norfolk,,,,,,,,,yes,,,,,,
minoraverages/1908Reach,1907,Virginia League,cummings,F21403,Cum'ings,,2,Lynchburg,,,,,,,,,yes,,,,,,
minoraverages/1908Reach,1907,Virginia League,cummings,F21403,Cum'ings,,T,,,,,,,,,,57,,,,,,
minoraverages/1908Reach,1907,Virginia League,cummings,B00680,Cummings,,1,Portsmouth,,,,,,,,,,,,,,,
minoraverages/1908Reach,1907,Virginia League,cummings,B00680,Cummings,,2,Richmond,,,,,,,,,,,,,,,
minoraverages/1908Reach,1907,Virginia League,cummings,B00680,Cummings,,T,,,,101,,,,,,,,,,,,
minoraverages/1908Reach,1907,Virginia League,cummings,F20334,Cummings,,1,Lynchburg,,,,,yes,,,,,,,,,,
minoraverages/1908Reach,1907,Virginia League,cummings,F20334,Cummings,,2,Norfolk,,,,,yes,,,,,,,,,,
minoraverages/1908Reach,1907,Virginia League,cummings,F20334,Cummings,,T,,,,,,24,,,,,,,,,,
minoraverages/1908Reach,1907,Virginia League,cummings,P10407,Cummings,,1,Norfolk,,,,,,,,,,,,,,,
minoraverages/1908Reach,1907,Virginia League,cummings,P10407,Cummings,,2,Lynchburg,,,,,,,,,,,,,,,
minoraverages/1908Reach,1907,Virginia League,cummings,P10407,Cummings,,T,,,,,9,,,,,,,,,,,
minoraverages/1908Reach,1907,Virginia League,curtis,B00833,Curtis,,0,Roanoke,,,27,,,,,,,,,,,,
minoraverages/1908Reach,1907,Virginia League,curtis,F21149,Curtis,,0,Roanoke,,,,,,,,,27,,,,,,
minoraverages/1908Reach,1907,Virginia League,doyle,F20388,Dayle,,0,Danville,,,,,,131,,,,,,,,,
minoraverages/1908Reach,1907,Virginia League,dingle,B00403,Dingle,,0,Norfolk,,,24,,,,,,,,,,,,
minoraverages/1908Reach,1907,Virginia League,dingle,F21255,Dingle,,0,Norfolk,,,,,,,,,24,,,,,,
minoraverages/1908Reach,1907,Virginia League,dobson,B01162,Dobson,,0,Portsmouth,,,11,,,,,,,,,,,,
minoraverages/1908Reach,1907,Virginia League,dobson,F21475,Dobson,,0,Portsmouth,,,,,,,,,11,,,,,,
minoraverages/1908Reach,1907,Virginia League,doyle,B00370,Doyle,,0,Danville,,,131,,,,,,,,,,,,
minoraverages/1908Reach,1907,Virginia League,durby,P10455,Durby,,1,Richmond,,,,,,,,,,,,,,,
minoraverages/1908Reach,1907,Virginia League,durby,P10455,Durby,,2,Lynchburg,,,,,,,,,,,,,,,
minoraverages/1908Reach,1907,Virginia League,durby,P10455,Durby,,T,,,,,3,,,,,,,,,,,
minoraverages/1908Reach,1907,Virginia League,eckstone,B01216,Eckstone,,1,Richmond,,,,,,,,,,,,,,,
minoraverages/1908Reach,1907,Virginia League,eckstone,B01216,Eckstone,,2,Lynchburg,,,,,,,,,,,,,,,
minoraverages/1908Reach,1907,Virginia League,eckstone,B01216,Eckstone,,T,,,,14,,,,,,,,,,,,
minoraverages/1908Reach,1907,Virginia League,eckstone,F21013,Eckstone,,1,Richmond,,,,,,,,,,,,,,yes,
minoraverages/1908Reach,1907,Virginia League,eckstone,F21013,Eckstone,,2,Lynchburg,,,,,,,,,,,,,,yes,
minoraverages/1908Reach,1907,Virginia League,eckstone,F21013,Eckstone,,T,,,,,,,,,,,,,,,14,
minoraverages/1908Reach,1907,Virginia League,eckstone,P10429,Eckstone,,1,Richmond,,,,,,,,,,,,,,,
minoraverages/1908Reach,1907,Virginia League,eckstone,P10429,Eckstone,,2,Lynchburg,,,,,,,,,,,,,,,
minoraverages/1908Reach,1907,Virginia League,eckstone,P10429,Eckstone,,T,,,,,14,,,,,,,,,,,
minoraverages/1908Reach,1907,Virginia League,edwards,B00726,Edwards,,1,Danville,,,,,,,,,,,,,,,
minoraverages/1908Reach,1907,Virginia League,edwards,B00726,Edwards,,2,Norfolk,,,,,,,,,,,,,,,
minoraverages/1908Reach,1907,Virginia League,edwards,B00726,Edwards,,T,,,,101,,,,,,,,,,,,
minoraverages/1908Reach,1907,Virginia League,edwards,F20023,Edwards,,1,Danville,,,,,,,,,,,,,yes,,
minoraverages/1908Reach,1907,Virginia League,edwards,F20023,Edwards,,2,Norfolk,,,,,,,,,,,,,yes,,
minoraverages/1908Reach,1907,Virginia League,edwards,F20023,Edwards,,T,,,,,,,,,,,,,,101,,
minoraverages/1908Reach,1907,Virginia League,eustace,B00241,Eustace,,0,Roanoke,,,103,,,,,,,,,,,,
minoraverages/1908Reach,1907,Virginia League,eustace,F20571,Eustace,,0,Roanoke,,,,,,,108,,,,,,,,
minoraverages/1908Reach,1907,Virginia League,evans,B00752,Evans,,1,Norfolk,,,,,,,,,,,,,,,
minoraverages/1908Reach,1907,Virginia League,evans,B00752,Evans,,2,Lynchburg,,,,,,,,,,,,,,,
minoraverages/1908Reach,1907,Virginia League,evans,B00752,Evans,,T,,,,95,,,,,,,,,,,,
minoraverages/1908Reach,1907,Virginia League,evans,F20144,Evans,,1,Norfolk,,,,,,,,,,,,,yes,,
minoraverages/1908Reach,1907,Virginia League,evans,F20144,Evans,,2,Lynchburg,,,,,,,,,,,,,yes,,
minoraverages/1908Reach,1907,Virginia League,evans,F20144,Evans,,T,,,,,,,,,,,,,,68,,
minoraverages/1908Reach,1907,Virginia League,evans,F20254,Evans,,1,Norfolk,,,,,yes,,,,,,,,,,
minoraverages/1908Reach,1907,Virginia League,evans,F20254,Evans,,2,Lynchburg,,,,,yes,,,,,,,,,,
minoraverages/1908Reach,1907,Virginia League,evans,F20254,Evans,,T,,,,,,12,,,,,,,,,,
minoraverages/1908Reach,1907,Virginia League,fetzer,B00286,Fetzer,,1,Danville,,,,,,,,,,,,,,,
minoraverages/1908Reach,1907,Virginia League,fetzer,B00286,Fetzer,,2,Norfolk,,,,,,,,,,,,,,,
minoraverages/1908Reach,1907,Virginia League,fetzer,B00286,Fetzer,,T,,,,62,,,,,,,,,,,,
minoraverages/1908Reach,1907,Virginia League,fetzer,F20661,Fetzer,,1,Danville,,,,,,,yes,,,,,,,,
minoraverages/1908Reach,1907,Virginia League,fetzer,F20661,Fetzer,,2,Norfolk,,,,,,,yes,,,,,,,,
minoraverages/1908Reach,1907,Virginia League,fetzer,F20661,Fetzer,,T,,,,,,,,37,,,,,,,,
minoraverages/1908Reach,1907,Virginia League,fetzer,F21442,Fetzer,,1,Danville,,,,,,,,,yes,,,,,,
minoraverages/1908Reach,1907,Virginia League,fetzer,F21442,Fetzer,,2,Norfolk,,,,,,,,,yes,,,,,,
minoraverages/1908Reach,1907,Virginia League,fetzer,F21442,Fetzer,,T,,,,,,,,,,25,,,,,,
minoraverages/1908Reach,1907,Virginia League,fishman,F20526,Fischman,,0,Lynchburg,,,,,,13,,,,,,,,,
minoraverages/1908Reach,1907,Virginia League,fish,B00948,Fish,,1,Portsmouth,,,,,,,,,,,,,,,
minoraverages/1908Reach,1907,Virginia League,fish,B00948,Fish,,2,Roanoke,,,,,,,,,,,,,,,
minoraverages/1908Reach,1907,Virginia League,fish,B00948,Fish,,T,,,,64,,,,,,,,,,,,
minoraverages/1908Reach,1907,Virginia League,fish,F21229,Fish,,1,Roanoke,,,,,,,,,yes,,,,,,
minoraverages/1908Reach,1907,Virginia League,fish,F21229,Fish,,2,Portsmouth,,,,,,,,,yes,,,,,,
minoraverages/1908Reach,1907,Virginia League,fish,F21229,Fish,,T,,,,,,,,,,64,,,,,,
minoraverages/1908Reach,1907,Virginia League,fisher,B00037,Fisher,,0,Danville,,,49,,,,,,,,,,,,
minoraverages/1908Reach,1907,Virginia League,fisher,F20713,Fisher,,0,Danville,,,,,,,,49,,,,,,,
minoraverages/1908Reach,1907,Virginia League,fishman,B00879,Fishman,,1,Lynchburg,,,,,,,,,,,,,,,
minoraverages/1908Reach,1907,Virginia League,fishman,B00879,Fishman,,2,Portsmouth,,,,,,,,,,,,,,,
minoraverages/1908Reach,1907,Virginia League,fishman,B00879,Fishman,,T,,,,109,,,,,,,,,,,,
minoraverages/1908Reach,1907,Virginia League,fishman,F20552,Fishman,,0,Lynchburg,,,,,,,41,,,,,,,,
minoraverages/1908Reach,1907,Virginia League,fishman,F20784,Fishman,,1,Lynchburg,,,,,,,,yes,,,,,,,
minoraverages/1908Reach,1907,Virginia League,fishman,F20784,Fishman,,2,Portsmouth,,,,,,,,yes,,,,,,,
minoraverages/1908Reach,1907,Virginia League,fishman,F20784,Fishman,,T,,,,,,,,,55,,,,,,,
minoraverages/1908Reach,1907,Virginia League,flowers,B01086,Flowers,,1,Lynchburg,,,,,,,,,,,,,,,
minoraverages/1908Reach,1907,Virginia League,flowers,B01086,Flowers,,2,Richmond,,,,,,,,,,,,,,,
minoraverages/1908Reach,1907,Virginia League,flowers,B01086,Flowers,,3,Danville,,,,,,,,,,,,,,,
minoraverages/1908Reach,1907,Virginia League,flowers,B01086,Flowers,,T,,,,20,,,,,,,,,,,,
minoraverages/1908Reach,1907,Virginia League,flowers,F20878,Flowers,,1,Lynchburg,,,,,,,,,,,,,,yes,
minoraverages/1908Reach,1907,Virginia League,flowers,F20878,Flowers,,2,Roanoke,,,,,,,,,,,,,,yes,
minoraverages/1908Reach,1907,Virginia League,flowers,F20878,Flowers,,3,Danville,,,,,,,,,,,,,,yes,
minoraverages/1908Reach,1907,Virginia League,flowers,F20878,Flowers,,T,,,,,,,,,,,,,,,20,
minoraverages/1908Reach,1907,Virginia League,flowers,P10266,Flowers,,1,Lynchburg,,,,,,,,,,,,,,,
minoraverages/1908Reach,1907,Virginia League,flowers,P10266,Flowers,,2,Richmond,,,,,,,,,,,,,,,
minoraverages/1908Reach,1907,Virginia League,flowers,P10266,Flowers,,3,Danville,,,,,,,,,,,,,,,
minoraverages/1908Reach,1907,Virginia League,flowers,P10266,Flowers,,T,,,,,20,,,,,,,,,,,
minoraverages/1908Reach,1907,Virginia League,fox-nor,B00705,Fox,,0,Norfolk,,,26,,,,,,,,,,,,
minoraverages/1908Reach,1907,Virginia League,fox-por,B01041,Fox,,0,Portsmouth,,,47,,,,,,,,,,,,
minoraverages/1908Reach,1907,Virginia League,fox-nor,F20829,Fox,,0,Norfolk,,,,,,,,,,,,,,26,
minoraverages/1908Reach,1907,Virginia League,fox-por,F21397,Fox,,0,Portsmouth,,,,,,,,,47,,,,,,
minoraverages/1908Reach,1907,Virginia League,fox-nor,P10137,Fox,,0,Norfolk,,,,25,,,,,,,,,,,
researchers/blau,1907,Virginia League,fox-por,NYJQVVC,Fox,John,,Portsmouth,,,,,,,,,,,,,,,
minoraverages/1908Reach,1907,Virginia League,gettig,B00589,Gettig,,0,Richmond,,,70,,,,,,,,,,,,
minoraverages/1908Reach,1907,Virginia League,gettig,F20583,Gettig,,0,Richmond,,,,,,,70,,,,,,,,
minoraverages/1908Reach,1907,Virginia League,griffin,B00013,Griffin,,0,Norfolk,,,11,,,,,,,,,,,,
minoraverages/1908Reach,1907,Virginia League,haas,B00319,Haas,,1,Lynchburg,,,,,,,,,,,,,,,
minoraverages/1908Reach,1907,Virginia League,haas,B00319,Haas,,2,Norfolk,,,,,,,,,,,,,,,
minoraverages/1908Reach,1907,Virginia League,haas,B00319,Haas,,T,,,,111,,,,,,,,,,,,
minoraverages/1908Reach,1907,Virginia League,haas,F20190,Haas,,1,Lynchburg,,,,,yes,,,,,,,,,,
minoraverages/1908Reach,1907,Virginia League,haas,F20190,Haas,,2,Norfolk,,,,,yes,,,,,,,,,,
minoraverages/1908Reach,1907,Virginia League,haas,F20190,Haas,,T,,,,,,111,,,,,,,,,,
minoraverages/1908Reach,1907,Virginia League,hallman,B01135,Hallman,,0,Portsmouth,,,31,,,,,,,,,,,,
minoraverages/1908Reach,1907,Virginia League,hallman,F21045,Hallman,,0,Portsmouth,,,,,,,,,,,,,,31,
minoraverages/1908Reach,1907,Virginia League,hallman,P10320,Hallman,,0,Portsmouth,,,,31,,,,,,,,,,,
researchers/blau,1907,Virginia League,hallman,PTGVTRZ,Hallman,Charles,,Portsmouth,,,,,,,,,,,,,,,
minoraverages/1908Reach,1907,Virginia League,ham,B00973,Ham,,0,Danville,,,10,,,,,,,,,,,,
minoraverages/1908Reach,1907,Virginia League,ham,F20935,Ham,,0,Danville,,,,,,,,,,,,,,10,
minoraverages/1908Reach,1907,Virginia League,ham,P10056,Ham,,0,Danville,,,,11,,,,,,,,,,,
minoraverages/1908Reach,1907,Virginia League,hankey,B01029,Hankey,,0,Norfolk,,,13,,,,,,,,,,,,
minoraverages/1908Reach,1907,Virginia League,hankey,F20482,Hankey,,0,Norfolk,,,,,,13,,,,,,,,,
minoraverages/1908Reach,1907,Virginia League,harmon,F21362,Harman,,0,Roanoke,,,,,,,,,12,,,,,,
minoraverages/1908Reach,1907,Virginia League,harmon,B00362,Harmon,,0,Roanoke,,,13,,,,,,,,,,,,
minoraverages/1908Reach,1907,Virginia League,heffron,B00381,Heffron,,0,Richmond,,,135,,,,,,,,,,,,
minoraverages/1908Reach,1907,Virginia League,heffron,F21381,Heffron,,0,Richmond,,,,,,,,,135,,,,,,
minoraverages/1908Reach,1907,Virginia League,heisman,B00335,Heisman,,0,Roanoke,,,18,,,,,,,,,,,,
minoraverages/1908Reach,1907,Virginia League,heisman,F20810,Heisman,,0,Roanoke,,,,,,,,,,,,,,12,
minoraverages/1908Reach,1907,Virginia League,heisman,P10348,Heisman,,0,Roanoke,,,,11,,,,,,,,,,,
minoraverages/1908Reach,1907,Virginia League,henn,B00101,Henn,,0,Danville,,,130,,,,,,,,,,,,
minoraverages/1908Reach,1907,Virginia League,henn,F21370,Henn,,0,Danville,,,,,,,,,130,,,,,,
minoraverages/1908Reach,1907,Virginia League,henninger,F20648,Hennager,,0,Portsmouth,,,,,,,17,,,,,,,,
minoraverages/1908Reach,1907,Virginia League,henninger,F21286,Hennager,,0,Portsmouth,,,,,,,,,17,,,,,,
minoraverages/1908Reach,1907,Virginia League,henninger,B00264,Henninger,,1,Lynchburg,,,,,,,,,,,,,,,
minoraverages/1908Reach,1907,Virginia League,henninger,B00264,Henninger,,2,Portsmouth,,,,,,,,,,,,,,,
minoraverages/1908Reach,1907,Virginia League,henninger,B00264,Henninger,,T,,,,39,,,,,,,,,,,,
minoraverages/1908Reach,1907,Virginia League,hessler,B00174,Hessler,,1,Danville,,,,,,,,,,,,,,,
minoraverages/1908Reach,1907,Virginia League,hessler,B00174,Hessler,,2,Roanoke,,,,,,,,,,,,,,,
minoraverages/1908Reach,1907,Virginia League,hessler,B00174,Hessler,,T,,,,125,,,,,,,,,,,,
minoraverages/1908Reach,1907,Virginia League,hessler,F20401,Hessler,,0,Roanoke,,,,,,21,,,,,,,,,
minoraverages/1908Reach,1907,Virginia League,hessler,F20636,Hessler,,1,Danville,,,,,,,yes,,,,,,,,
minoraverages/1908Reach,1907,Virginia League,hessler,F20636,Hessler,,2,Roanoke,,,,,,,yes,,,,,,,,
minoraverages/1908Reach,1907,Virginia League,hessler,F20636,Hessler,,T,,,,,,,,18,,,,,,,,
minoraverages/1908Reach,1907,Virginia League,hessler,F20759,Hessler,,0,Roanoke,,,,,,,,36,,,,,,,
minoraverages/1908Reach,1907,Virginia League,hessler,F21278,Hessler,,0,Roanoke,,,,,,,,,50,,,,,,
minoraverages/1908Reach,1907,Virginia League,hevener,B01007,Hevener,,0,Portsmouth,,,53,,,,,,,,,,,,
minoraverages/1908Reach,1907,Virginia League,hevener,F20449,Hevener,,0,Portsmouth,,,,,,58,,,,,,,,,
minoraverages/1908Reach,1907,Virginia League,hicks,B00397,Hicks,,0,Danville,,,121,,,,,,,,,,,,
minoraverages/1908Reach,1907,Virginia League,hicks,F20327,Hicks,,0,Danville,,,,,42,,,,,,,,,,
minoraverages/1908Reach,1907,Virginia League,hicks,F20604,Hicks,,0,Danville,,,,,,,43,,,,,,,,
minoraverages/1908Reach,1907,Virginia League,hicks,F21343,Hicks,,0,Danville,,,,,,,,,36,,,,,,
minoraverages/1908Reach,1907,Virginia League,hinton,B00638,Hinton,,1,Richmond,,,,,,,,,,,,,,,
minoraverages/1908Reach,1907,Virginia League,hinton,B00638,Hinton,,2,Roanoke,,,,,,,,,,,,,,,
minoraverages/1908Reach,1907,Virginia League,hinton,B00638,Hinton,,3,Norfolk,,,,,,,,,,,,,,,
minoraverages/1908Reach,1907,Virginia League,hinton,B00638,Hinton,,4,Lynchburg,,,,,,,,,,,,,,,
minoraverages/1908Reach,1907,Virginia League,hinton,B00638,Hinton,,T,,,,68,,,,,,,,,,,,
minoraverages/1908Reach,1907,Virginia League,hinton,F20095,Hinton,,1,Richmond,,,,,,,,,,,,,yes,,
minoraverages/1908Reach,1907,Virginia League,hinton,F20095,Hinton,,2,Roanoke,,,,,,,,,,,,,yes,,
minoraverages/1908Reach,1907,Virginia League,hinton,F20095,Hinton,,3,Norfolk,,,,,,,,,,,,,yes,,
minoraverages/1908Reach,1907,Virginia League,hinton,F20095,Hinton,,4,Lynchburg,,,,,,,,,,,,,yes,,
minoraverages/1908Reach,1907,Virginia League,hinton,F20095,Hinton,,T,,,,,,,,,,,,,,68,,
minoraverages/1908Reach,1907,Virginia League,hobbs,B00182,Hobbs,,0,Richmond,,,25,,,,,,,,,,,,
minoraverages/1908Reach,1907,Virginia League,hobbs,F20893,Hobbs,,0,Richmond,,,,,,,,,,,,,,20,
minoraverages/1908Reach,1907,Virginia League,hobbs,P10168,Hobbs,,0,Richmond,,,,18,,,,,,,,,,,
minoraverages/1908Reach,1907,Virginia League,holt,B00794,Holt,,0,Lynchburg,,,87,,,,,,,,,,,,
minoraverages/1908Reach,1907,Virginia League,holt,F20233,Holt,,0,Lynchburg,,,,,87,,,,,,,,,,
minoraverages/1908Reach,1907,Virginia League,hooker,B00158,Hooker,,0,Lynchburg,,,132,,,,,,,,,,,,
minoraverages/1908Reach,1907,Virginia League,hooker,F21210,Hooker,,0,Lynchburg,,,,,,,,,132,,,,,,
minoraverages/1908Reach,1907,Virginia League,houghton,B00771,Houghton,,0,Norfolk,,,17,,,,,,,,,,,,
minoraverages/1908Reach,1907,Virginia League,houghton,F20518,Houghton,,0,Norfolk,,,,,,17,,,,,,,,,
minoraverages/1908Reach,1907,Virginia League,howard,P10202,Howard,,0,Danville,,,,5,,,,,,,,,,,
minoraverages/1908Reach,1907,Virginia League,jackson,B00210,Jackson,,0,Norfolk,,,121,,,,,,,,,,,,
minoraverages/1908Reach,1907,Virginia League,jackson,F21232,Jackson,,0,Norfolk,,,,,,,,,121,,,,,,
minoraverages/1908Reach,1907,Virginia League,jordan,B00232,Jordan,,0,Norfolk,,,30,,,,,,,,,,,,
minoraverages/1908Reach,1907,Virginia League,jordan,F20962,Jordan,,0,Norfolk,,,,,,,,,,,,,,30,
minoraverages/1908Reach,1907,Virginia League,jordan,P10121,Jordan,,0,Norfolk,,,,31,,,,,,,,,,,
minoraverages/1908Reach,1907,Virginia League,kenny,P10441,Kenny,,0,Portsmouth,,,,3,,,,,,,,,,,
minoraverages/1908Reach,1907,Virginia League,kiernan,B00278,Kiernan,,0,Portsmouth,,,24,,,,,,,,,,,,
minoraverages/1908Reach,1907,Virginia League,kiernan,F21427,Kiernan,,0,Portsmouth,,,,,,,,,24,,,,,,
minoraverages/1908Reach,1907,Virginia League,kirkpatrick,B00416,Kirkpatrick,,1,Richmond,,,,,,,,,,,,,,,
minoraverages/1908Reach,1907,Virginia League,kirkpatrick,B00416,Kirkpatrick,,2,Lynchburg,,,,,,,,,,,,,,,
minoraverages/1908Reach,1907,Virginia League,kirkpatrick,B00416,Kirkpatrick,,T,,,,104,,,,,,,,,,,,
minoraverages/1908Reach,1907,Virginia League,kirkpatrick,F20612,Kirkpatrick,,1,Richmond,,,,,,,yes,,,,,,,,
minoraverages/1908Reach,1907,Virginia League,kirkpatrick,F20612,Kirkpatrick,,2,Lynchburg,,,,,,,yes,,,,,,,,
minoraverages/1908Reach,1907,Virginia League,kirkpatrick,F20612,Kirkpatrick,,T,,,,,,,,104,,,,,,,,
minoraverages/1908Reach,1907,Virginia League,kline,B01181,Kline,,0,Lynchburg,,,31,,,,,,,,,,,,
minoraverages/1908Reach,1907,Virginia League,kline,F20924,Kline,,0,Lynchburg,,,,,,,,,,,,,,31,
minoraverages/1908Reach,1907,Virginia League,kline,P10159,Kline,,0,Lynchburg,,,,31,,,,,,,,,,,
minoraverages/1908Reach,1907,Virginia League,krebs,P10478,Krebs,,0,Lynchburg,,,,2,,,,,,,,,,,
minoraverages/1908Reach,1907,Virginia League,lavinder,B01156,Lavinder,,0,Danville,,,37,,,,,,,,,,,,
minoraverages/1908Reach,1907,Virginia League,lavinder,F20956,Lavinder,,0,Danville,,,,,,,,,,,,,,37,
minoraverages/1908Reach,1907,Virginia League,lavinder,P10176,Lavinder,,0,Danville,,,,59,,,,,,,,,,,
minoraverages/1908Reach,1907,Virginia League,lawrence,B00125,Lawrence,,0,Portsmouth,,,37,,,,,,,,,,,,
minoraverages/1908Reach,1907,Virginia League,lawrence,F20417,Lawrence,,0,Portsmouth,,,,,,37,,,,,,,,,
minoraverages/1908Reach,1907,Virginia League,leonard,P10410,Leonard,,0,Portsmouth,,,,6,,,,,,,,,,,
minoraverages/1908Reach,1907,Virginia League,lohr,B00293,Lohr,,0,Roanoke,,,60,,,,,,,,,,,,
minoraverages/1908Reach,1907,Virginia League,lohr,F21308,Lohr,,0,Roanoke,,,,,,,,,60,,,,,,
minoraverages/1908Reach,1907,Virginia League,long,B00760,Long,,0,Richmond,,,37,,,,,,,,,,,,
minoraverages/1908Reach,1907,Virginia League,long,F21000,Long,,0,Richmond,,,,,,,,,,,,,,37,
minoraverages/1908Reach,1907,Virginia League,long,P10231,Long,,0,Richmond,,,,31,,,,,,,,,,,
minoraverages/1908Reach,1907,Virginia League,loos,B00531,Loos,,0,Portsmouth,,,74,,,,,,,,,,,,
minoraverages/1908Reach,1907,Virginia League,loos,F20997,Loos,,0,Portsmouth,,,,,,,,,,,,,,33,
minoraverages/1908Reach,1907,Virginia League,loos,F21356,Loos,,0,Portsmouth,,,,,,,,,40,,,,,,
minoraverages/1908Reach,1907,Virginia League,loos,P10290,Loos,,0,Portsmouth,,,,29,,,,,,,,,,,
minoraverages/1908Reach,1907,Virginia League,loucks,B00084,Loucks,,1,Danville,,,,,,,,,,,,,,,
minoraverages/1908Reach,1907,Virginia League,loucks,B00084,Loucks,,2,Norfolk,,,,,,,,,,,,,,,
minoraverages/1908Reach,1907,Virginia League,loucks,B00084,Loucks,,T,,,,21,,,,,,,,,,,,
minoraverages/1908Reach,1907,Virginia League,loucks,F20919,Loucks,,1,Danville,,,,,,,,,,,,,,yes,
minoraverages/1908Reach,1907,Virginia League,loucks,F20919,Loucks,,2,Norfolk,,,,,,,,,,,,,,yes,
minoraverages/1908Reach,1907,Virginia League,loucks,F20919,Loucks,,T,,,,,,,,,,,,,,,21,
minoraverages/1908Reach,1907,Virginia League,loucks,P10373,Loucks,,1,Danville,,,,,,,,,,,,,,,
minoraverages/1908Reach,1907,Virginia League,loucks,P10373,Loucks,,2,Norfolk,,,,,,,,,,,,,,,
minoraverages/1908Reach,1907,Virginia League,loucks,P10373,Loucks,,T,,,,,18,,,,,,,,,,,
minoraverages/1908Reach,1907,Virginia League,ludwig,P10357,Ludwig,,0,Lynchburg,,,,3,,,,,,,,,,,
minoraverages/1908Reach,1907,Virginia League,manion,B00865,Manion,,0,Norfolk,,,100,,,,,,,,,,,,
minoraverages/1908Reach,1907,Virginia League,manion,F20700,Manion,,0,Norfolk,,,,,,,,100,,,,,,,
minoraverages/1908Reach,1907,Virginia League,martin,B00898,Martin,,0,Portsmouth,,,72,,,,,,,,,,,,
minoraverages/1908Reach,1907,Virginia League,martin,F20072,Martin,,0,Portsmouth,,,,,,,,,,,,,42,,
minoraverages/1908Reach,1907,Virginia League,martin,F20279,Martin,,0,Portsmouth,,,,,12,,,,,,,,,,
minoraverages/1908Reach,1907,Virginia League,matney,B00021,Matney,,0,Norfolk,,,10,,,,,,,,,,,,
minoraverages/1908Reach,1907,Virginia League,matney,F21059,Matney,,0,Norfolk,,,,,,,,,,,,,,10,
minoraverages/1908Reach,1907,Virginia League,matney,P10399,Matney,,0,Norfolk,,,,10,,,,,,,,,,,
minoraverages/1908Reach,1907,Virginia League,mccormick,P10542,McCormick,,0,Norfolk,,,,1,,,,,,,,,,,
minoraverages/1908Reach,1907,Virginia League,mcdonough,P10228,McDonough,,0,Danville,,,,2,,,,,,,,,,,
minoraverages/1908Reach,1907,Virginia League,mckenna,B00308,McKenna,,0,Lynchburg,,,130,,,,,,,,,,,,
minoraverages/1908Reach,1907,Virginia League,mckenna,F21196,McKenna,,0,Lynchburg,,,,,,,,,130,,,,,,
minoraverages/1908Reach,1907,Virginia League,mckeon,B00961,McKeon,,0,Roanoke,,,33,,,,,,,,,,,,
minoraverages/1908Reach,1907,Virginia League,mckeon,F20189,McKeon,,0,Roanoke,,,,,,,,,,,,,33,,
minoraverages/1908Reach,1907,Virginia League,mckevitt,B00450,McKevitt,,0,Danville,,,101,,,,,,,,,,,,
minoraverages/1908Reach,1907,Virginia League,mckevitt,F20211,McKevitt,,0,Danville,,,,,42,,,,,,,,,,
minoraverages/1908Reach,1907,Virginia League,mckevitt,F21130,McKevitt,,0,Danville,,,,,,,,,59,,,,,,
minoraverages/1908Reach,1907,Virginia League,mcmahon,B00076,McMahon,,1,Norfolk,,,,,,,,,,,,,,,
minoraverages/1908Reach,1907,Virginia League,mcmahon,B00076,McMahon,,2,Portsmouth,,,,,,,,,,,,,,,
minoraverages/1908Reach,1907,Virginia League,mcmahon,B00076,McMahon,,T,,,,34,,,,,,,,,,,,
minoraverages/1908Reach,1907,Virginia League,mcmahon,B00822,McMahon,,0,Roanoke,,,81,,,,,,,,,,,,
minoraverages/1908Reach,1907,Virginia League,mcmahon,F20673,McMahon,,1,Norfolk,,,,,,,yes,,,,,,,,
minoraverages/1908Reach,1907,Virginia League,mcmahon,F20673,McMahon,,2,Portsmouth,,,,,,,yes,,,,,,,,
minoraverages/1908Reach,1907,Virginia League,mcmahon,F20673,McMahon,,T,,,,,,,,23,,,,,,,,
minoraverages/1908Reach,1907,Virginia League,mcmahon,F20721,McMahon,,0,Roanoke,,,,,,,,81,,,,,,,
minoraverages/1908Reach,1907,Virginia League,mcmahon,F20792,McMahon,,1,Norfolk,,,,,,,,yes,,,,,,,
minoraverages/1908Reach,1907,Virginia League,mcmahon,F20792,McMahon,,2,Portsmouth,,,,,,,,yes,,,,,,,
minoraverages/1908Reach,1907,Virginia League,mcmahon,F20792,McMahon,,T,,,,,,,,,11,,,,,,,
minoraverages/1908Reach,1907,Virginia League,moore,P10062,Moore,,1,Lynchburg,,,,,,,,,,,,,,,
minoraverages/1908Reach,1907,Virginia League,moore,P10062,Moore,,2,Norfolk,,,,,,,,,,,,,,,
minoraverages/1908Reach,1907,Virginia League,moore,P10062,Moore,,T,,,,,3,,,,,,,,,,,
minoraverages/1908Reach,1907,Virginia League,morrison,B00695,Morrison,,1,Portsmouth,,,,,,,,,,,,,,,
minoraverages/1908Reach,1907,Virginia League,morrison,B00695,Morrison,,2,Roanoke,,,,,,,,,,,,,,,
minoraverages/1908Reach,1907,Virginia League,morrison,B00695,Morrison,,T,,,,54,,,,,,,,,,,,
minoraverages/1908Reach,1907,Virginia League,morrison,F21450,Morrison,,1,Portsmouth,,,,,,,,,yes,,,,,,
minoraverages/1908Reach,1907,Virginia League,morrison,F21450,Morrison,,2,Roanoke,,,,,,,,,yes,,,,,,
minoraverages/1908Reach,1907,Virginia League,morrison,F21450,Morrison,,T,,,,,,,,,,54,,,,,,
minoraverages/1908Reach,1907,Virginia League,morrison,P10534,Morrison,,0,Roanoke,,,,1,,,,,,,,,,,
minoraverages/1908Reach,1907,Virginia League,morrissey,B00957,Morrissey,,0,Roanoke,,,63,,,,,,,,,,,,
minoraverages/1908Reach,1907,Virginia League,morrissey,F20908,Morrissey,,0,Roanoke,,,,,,,,,,,,,,27,
minoraverages/1908Reach,1907,Virginia League,morrissey,F21158,Morrissey,,0,Roanoke,,,,,,,,,13,,,,,,
minoraverages/1908Reach,1907,Virginia League,morrissey,P10113,Morrissey,,0,Roanoke,,,,31,,,,,,,,,,,
minoraverages/1908Reach,1907,Virginia League,moss,B00427,Moss,,0,Portsmouth,,,102,,,,,,,,,,,,
minoraverages/1908Reach,1907,Virginia League,moss,F20699,Moss,,0,Portsmouth,,,,,,,,102,,,,,,,
minoraverages/1908Reach,1907,Virginia League,murray,B01064,Murray,,0,Lynchburg,,,27,,,,,,,,,,,,
minoraverages/1908Reach,1907,Virginia League,murray,F21084,Murray,,0,Lynchburg,,,,,,,,,,,,,,27,
minoraverages/1908Reach,1907,Virginia League,murray,P10304,Murray,,0,Lynchburg,,,,24,,,,,,,,,,,
minoraverages/1908Reach,1907,Virginia League,oconnor,B00623,O'Connor,,0,Danville,,,15,,,,,,,,,,,,
minoraverages/1908Reach,1907,Virginia League,oconnor,F20177,O'Connor,,0,Danville,,,,,,,,,,,,,15,,
minoraverages/1908Reach,1907,Virginia League,oneil,B00646,O'Neil,,1,Richmond,,,,,,,,,,,,,,,
minoraverages/1908Reach,1907,Virginia League,oneil,B00646,O'Neil,,2,Lynchburg,,,,,,,,,,,,,,,
minoraverages/1908Reach,1907,Virginia League,oneil,B00646,O'Neil,,T,,,,55,,,,,,,,,,,,
minoraverages/1908Reach,1907,Virginia League,oneil,F20463,O'Neil,,1,Richmond,,,,,,yes,,,,,,,,,
minoraverages/1908Reach,1907,Virginia League,oneil,F20463,O'Neil,,2,Lynchburg,,,,,,yes,,,,,,,,,
minoraverages/1908Reach,1907,Virginia League,oneil,F20463,O'Neil,,T,,,,,,,55,,,,,,,,,
minoraverages/1908Reach,1907,Virginia League,oakley,B01203,Oakley,,0,Lynchburg,,,30,,,,,,,,,,,,
minoraverages/1908Reach,1907,Virginia League,oakley,F21117,Oakley,,0,Lynchburg,,,,,,,,,,,,,,30,
minoraverages/1908Reach,1907,Virginia League,oakley,P10184,Oakley,,0,Lynchburg,,,,30,,,,,,,,,,,
minoraverages/1908Reach,1907,Virginia League,otey,B01170,Otey,,0,Norfolk,,,40,,,,,,,,,,,,
minoraverages/1908Reach,1907,Virginia League,otey,F20864,Otey,,0,Norfolk,,,,,,,,,,,,,,40,
minoraverages/1908Reach,1907,Virginia League,otey,P10043,Otey,,0,Norfolk,,,,40,,,,,,,,,,,
minoraverages/1908Reach,1907,Virginia League,pender,B00488,Pender,,0,Norfolk,,,75,,,,,,,,,,,,
minoraverages/1908Reach,1907,Virginia League,pender,F20240,Pender,,0,Norfolk,,,,,13,,,,,,,,,,
minoraverages/1908Reach,1907,Virginia League,pender,F20458,Pender,,0,Norfolk,,,,,,62,,,,,,,,,
minoraverages/1908Reach,1907,Virginia League,perdue,P10527,Perdue,,0,Roanoke,,,,1,,,,,,,,,,,
minoraverages/1908Reach,1907,Virginia League,powell,B00528,Powell,,0,Danville,,,130,,,,,,,,,,,,
minoraverages/1908Reach,1907,Virginia League,powell,F21241,Powell,,0,Danville,,,,,,,,,130,,,,,,
minoraverages/1908Reach,1907,Virginia League,raley,B00255,Raley,,0,Roanoke,,,99,,,,,,,,,,,,
minoraverages/1908Reach,1907,Virginia League,raley,F20222,Raley,,0,Roanoke,,,,,99,,,,,,,,,,
minoraverages/1908Reach,1907,Virginia League,reeve,B00718,Reeve,,0,Richmond,,,137,,,,,,,,,,,,
minoraverages/1908Reach,1907,Virginia League,reeve,F20737,Reeve,,0,Richmond,,,,,,,,137,,,,,,,
minoraverages/1908Reach,1907,Virginia League,reggy,B00469,Reggy,,0,Danville,,,95,,,,,,,,,,,,
minoraverages/1908Reach,1907,Virginia League,reggy,F20547,Reggy,,0,Danville,,,,,,,13,,,,,,,,
minoraverages/1908Reach,1907,Virginia League,reggy,F20745,Reggy,,0,Danville,,,,,,,,82,,,,,,,
minoraverages/1908Reach,1907,Virginia League,revelle,B00985,Revelle,,1,Portsmouth,,,,,,,,,,,,,,,
minoraverages/1908Reach,1907,Virginia League,revelle,B00985,Revelle,,2,Richmond,,,,,,,,,,,,,,,
minoraverages/1908Reach,1907,Virginia League,revelle,B00985,Revelle,,T,,,,41,,,,,,,,,,,,
minoraverages/1908Reach,1907,Virginia League,revelle,F20841,Revelle,,1,Portsmouth,,,,,,,,,,,,,,yes,
minoraverages/1908Reach,1907,Virginia League,revelle,F20841,Revelle,,2,Richmond,,,,,,,,,,,,,,yes,
minoraverages/1908Reach,1907,Virginia League,revelle,F20841,Revelle,,T,,,,,,,,,,,,,,,34,
minoraverages/1908Reach,1907,Virginia League,revelle,P10312,Revelle,,1,Portsmouth,,,,,,,,,,,,,,,
minoraverages/1908Reach,1907,Virginia League,revelle,P10312,Revelle,,2,Richmond,,,,,,,,,,,,,,,
minoraverages/1908Reach,1907,Virginia League,revelle,P10312,Revelle,,T,,,,,33,,,,,,,,,,,
minoraverages/1908Reach,1907,Virginia League,reynolds,B00651,Reynolds,,0,Roanoke,,,52,,,,,,,,,,,,
minoraverages/1908Reach,1907,Virginia League,reynolds,F20855,Reynolds,,0,Roanoke,,,,,,,,,,,,,,23,
minoraverages/1908Reach,1907,Virginia League,reynolds,F21319,Reynolds,,0,Roanoke,,,,,,,,,21,,,,,,
minoraverages/1908Reach,1907,Virginia League,reynolds,P10070,Reynolds,,0,Roanoke,,,,25,,,,,,,,,,,
minoraverages/1908Reach,1907,Virginia League,rhinehart,B00739,Rhinehart,,0,Danville,,,40,,,,,,,,,,,,
minoraverages/1908Reach,1907,Virginia League,rhinehart,F20539,Rhinehart,,0,Danville,,,,,,,40,,,,,,,,
minoraverages/1908Reach,1907,Virginia League,rhoades,B00920,Rhoades,,0,Lynchburg,,,24,,,,,,,,,,,,
minoraverages/1908Reach,1907,Virginia League,rhoades,F20375,Rhoades,,0,Lynchburg,,,,,,24,,,,,,,,,
minoraverages/1908Reach,1907,Virginia League,rickards,B00590,Rickards,,1,Danville,,,,,,,,,,,,,,,
minoraverages/1908Reach,1907,Virginia League,rickards,B00590,Rickards,,2,Roanoke,,,,,,,,,,,,,,,
minoraverages/1908Reach,1907,Virginia League,rickards,B00590,Rickards,,T,,,,43,,,,,,,,,,,,
minoraverages/1908Reach,1907,Virginia League,rickards,F21264,Rickards,,0,Roanoke,,,,,,,,,40,,,,,,
minoraverages/1908Reach,1907,Virginia League,rickards,P10215,Rickards,,0,Danville,,,,3,,,,,,,,,,,
minoraverages/1908Reach,1907,Virginia League,ruhland,B00566,Ruhland,,0,Norfolk,,,109,,,,,,,,,,,,
minoraverages/1908Reach,1907,Virginia League,ruhland,F20560,Ruhland,,0,Norfolk,,,,,,,109,,,,,,,,
minoraverages/1908Reach,1907,Virginia League,ryan,B00356,Ryan,,0,Danville,,,99,,,,,,,,,,,,
minoraverages/1908Reach,1907,Virginia League,ryan,F20038,Ryan,,0,Danville,,,,,,,,,,,,,99,,
minoraverages/1908Reach,1907,Virginia League,salve,B01032,Salve,,0,Richmond,,,34,,,,,,,,,,,,
minoraverages/1908Reach,1907,Virginia League,salve,F20970,Salve,,0,Roanoke,,,,,,,,,,,,,,34,
minoraverages/1908Reach,1907,Virginia League,salve,P10289,Salve,,0,Richmond,,,,34,,,,,,,,,,,
minoraverages/1908Reach,1907,Virginia League,schmetsky,P10503,Schmetsky,,0,Lynchburg,,,,1,,,,,,,,,,,
researchers/blau,1907,Virginia League,schumann,RDSHYLP,Schumann,Hack,,Portsmouth,,,,,,,,,,,,,,,
minoraverages/1908Reach,1907,Virginia League,seitz,B00343,Seitz,,0,Norfolk,,,123,,,,,,,,,,,,
minoraverages/1908Reach,1907,Virginia League,seitz,F21163,Seitz,,0,Norfolk,,,,,,,,,123,,,,,,
minoraverages/1908Reach,1907,Virginia League,shaffer,B00149,Shaffer,,0,Richmond,,,57,,,,,,,,,,,,
minoraverages/1908Reach,1907,Virginia League,shaffer,F20206,Shaffer,,0,Portsmouth,,,,,57,,,,,,,,,,
minoraverages/1908Reach,1907,Virginia League,schumann,B01078,Shuman,,0,Portsmouth,,,22,,,,,,,,,,,,
minoraverages/1908Reach,1907,Virginia League,schumann,F21068,Shuman,,0,Portsmouth,,,,,,,,,,,,,,22,
minoraverages/1908Reach,1907,Virginia League,schumann,P10145,Shuman,,0,Portsmouth,,,,22,,,,,,,,,,,
minoraverages/1908Reach,1907,Virginia League,siebrie,B00324,Siebrie,,0,Richmond,,,92,,,,,,,,,,,,
minoraverages/1908Reach,1907,Virginia League,siebrie,F20391,Siebrie,,0,Richmond,,,,,,32,,,,,,,,,
minoraverages/1908Reach,1907,Virginia League,simmins,P10569,Simmins,,0,Lynchburg,,,,1,,,,,,,,,,,
minoraverages/1908Reach,1907,Virginia League,smith,B00936,Smith,,1,Roanoke,,,,,,,,,,,,,,,
minoraverages/1908Reach,1907,Virginia League,smith,B00936,Smith,,2,Danville,,,,,,,,,,,,,,,
minoraverages/1908Reach,1907,Virginia League,smith,B00936,Smith,,3,Richmond,,,,,,,,,,,,,,,
minoraverages/1908Reach,1907,Virginia League,smith,B00936,Smith,,T,,,,16,,,,,,,,,,,,
minoraverages/1908Reach,1907,Virginia League,smith,F21092,Smith,,1,Roanoke,,,,,,,,,,,,,,yes,
minoraverages/1908Reach,1907,Virginia League,smith,F21092,Smith,,2,Danville,,,,,,,,,,,,,,yes,
minoraverages/1908Reach,1907,Virginia League,smith,F21092,Smith,,3,Richmond,,,,,,,,,,,,,,yes,
minoraverages/1908Reach,1907,Virginia League,smith,F21092,Smith,,T,,,,,,,,,,,,,,,16,
minoraverages/1908Reach,1907,Virginia League,smith,P10336,Smith,,1,Roanoke,,,,,,,,,,,,,,,
minoraverages/1908Reach,1907,Virginia League,smith,P10336,Smith,,2,Danville,,,,,,,,,,,,,,,
minoraverages/1908Reach,1907,Virginia League,smith,P10336,Smith,,3,Richmond,,,,,,,,,,,,,,,
minoraverages/1908Reach,1907,Virginia League,smith,P10336,Smith,,T,,,,,12,,,,,,,,,,,
minoraverages/1908Reach,1907,Virginia League,stackpole,P10019,Stackpole,,0,Richmond,,,,5,,,,,,,,,,,
minoraverages/1908Reach,1907,Virginia League,sterger,P10486,Sterger,,0,Danville,,,,2,,,,,,,,,,,
minoraverages/1908Reach,1907,Virginia League,stewart,B00577,Stewart,,0,Lynchburg,,,37,,,,,,,,,,,,
minoraverages/1908Reach,1907,Virginia League,stewart,F21037,Stewart,,0,Lynchburg,,,,,,,,,,,,,,31,
minoraverages/1908Reach,1907,Virginia League,stewart,P10097,Stewart,,0,Lynchburg,,,,30,,,,,,,,,,,
minoraverages/1908Reach,1907,Virginia League,still,P10192,Still,,0,Richmond,,,,8,,,,,,,,,,,
minoraverages/1908Reach,1907,Virginia League,sturdevant,B01143,Sturdevant,,1,Lynchburg,,,,,,,,,,,,,,,
minoraverages/1908Reach,1907,Virginia League,sturdevant,B01143,Sturdevant,,2,Danville,,,,,,,,,,,,,,,
minoraverages/1908Reach,1907,Virginia League,sturdevant,B01143,Sturdevant,,3,Portsmouth,,,,,,,,,,,,,,,
minoraverages/1908Reach,1907,Virginia League,sturdevant,B01143,Sturdevant,,T,,,,25,,,,,,,,,,,,
minoraverages/1908Reach,1907,Virginia League,sturdevant,F20115,Sturdevant,,1,Danville,,,,,,,,,,,,,yes,,
minoraverages/1908Reach,1907,Virginia League,sturdevant,F20115,Sturdevant,,2,Lynchburg,,,,,,,,,,,,,yes,,
minoraverages/1908Reach,1907,Virginia League,sturdevant,F20115,Sturdevant,,3,Portsmouth,,,,,,,,,,,,,yes,,
minoraverages/1908Reach,1907,Virginia League,sturdevant,F20115,Sturdevant,,T,,,,,,,,,,,,,,20,,
minoraverages/1908Reach,1907,Virginia League,sullivan-nor+por,B00130,Sullivan,,1,Norfolk,,,,,,,,,,,,,,,
minoraverages/1908Reach,1907,Virginia League,sullivan-nor+por,B00130,Sullivan,,2,Portsmouth,,,,,,,,,,,,,,,
minoraverages/1908Reach,1907,Virginia League,sullivan-nor+por,B00130,Sullivan,,T,,,,114,,,,,,,,,,,,
minoraverages/1908Reach,1907,Virginia League,sullivan.m-por,B00783,Sullivan,M.,0,Portsmouth,,,11,,,,,,,,,,,,
minoraverages/1908Reach,1907,Virginia League,sullivan.m-por,F20166,Sullivan,M.,0,Portsmouth,,,,,,,,,,,,,11,,
minoraverages/1908Reach,1907,Virginia League,sullivan-nor+por,F21324,Sullivan,,1,Norfolk,,,,,,,,,yes,,,,,,
minoraverages/1908Reach,1907,Virginia League,sullivan-nor+por,F21324,Sullivan,,2,Portsmouth,,,,,,,,,yes,,,,,,
minoraverages/1908Reach,1907,Virginia League,sullivan-nor+por,F21324,Sullivan,,T,,,,,,,,,,114,,,,,,
minoraverages/1908Reach,1907,Virginia League,temple,P10464,Temple,,0,Portsmouth,,,,2,,,,,,,,,,,
minoraverages/1908Reach,1907,Virginia League,thomas,B01119,Thomas,,0,Roanoke,,,16,,,,,,,,,,,,
minoraverages/1908Reach,1907,Virginia League,thomas,F20128,Thomas,,0,Roanoke,,,,,,,,,,,,,16,,
minoraverages/1908Reach,1907,Virginia League,thomas,P10550,Thomas,,0,Danville,,,,1,,,,,,,,,,,
minoraverages/1908Reach,1907,Virginia League,titman,B00553,Titman,,0,Richmond,,,137,,,,,,,,,,,,
minoraverages/1908Reach,1907,Virginia League,titman,F21416,Titman,,0,Richmond,,,,,,,,,137,,,,,,
minoraverages/1908Reach,1907,Virginia League,tydeman,B00207,Tydeman,,0,Danville,,,34,,,,,,,,,,,,
minoraverages/1908Reach,1907,Virginia League,tydeman,F21207,Tydeman,,0,Danville,,,,,,,,,34,,,,,,
minoraverages/1908Reach,1907,Virginia League,vail,B00068,Vail,,1,Richmond,,,,,,,,,,,,,,,
minoraverages/1908Reach,1907,Virginia League,vail,B00068,Vail,,2,Portsmouth,,,,,,,,,,,,,,,
minoraverages/1908Reach,1907,Virginia League,vail,B00068,Vail,,T,,,,20,,,,,,,,,,,,
minoraverages/1908Reach,1907,Virginia League,vail,F21101,Vail,,1,Richmond,,,,,,,,,,,,,,yes,
minoraverages/1908Reach,1907,Virginia League,vail,F21101,Vail,,2,Portsmouth,,,,,,,,,,,,,,yes,
minoraverages/1908Reach,1907,Virginia League,vail,F21101,Vail,,T,,,,,,,,,,,,,,,20,
minoraverages/1908Reach,1907,Virginia League,vail,P10385,Vail,,1,Richmond,,,,,,,,,,,,,,,
minoraverages/1908Reach,1907,Virginia League,vail,P10385,Vail,,2,Portsmouth,,,,,,,,,,,,,,,
minoraverages/1908Reach,1907,Virginia League,vail,P10385,Vail,,T,,,,,18,,,,,,,,,,,
minoraverages/1908Reach,1907,Virginia League,vermiller,B00840,Vermiller,,0,Roanoke,,,37,,,,,,,,,,,,
minoraverages/1908Reach,1907,Virginia League,vermiller,F20886,Vermiller,,0,Roanoke,,,,,,,,,,,,,,37,
minoraverages/1908Reach,1907,Virginia League,vermiller,P10244,Vermiller,,0,Roanoke,,,,36,,,,,,,,,,,
minoraverages/1908Reach,1907,Virginia League,walker,B01197,Walker,,0,Danville,,,24,,,,,,,,,,,,
minoraverages/1908Reach,1907,Virginia League,walker,F21076,Walker,,0,Danville,,,,,,,,,,,,,,24,
minoraverages/1908Reach,1907,Virginia League,walker,P10035,Walker,,0,Danville,,,,24,,,,,,,,,,,
minoraverages/1908Reach,1907,Virginia League,wallace,B00229,Wallace,,0,Richmond,,,130,,,,,,,,,,,,
minoraverages/1908Reach,1907,Virginia League,wallace,F21335,Wallace,,0,Richmond,,,,,,,,,130,,,,,,
minoraverages/1908Reach,1907,Virginia League,wallace,P10516,Wallace,,0,Lynchburg,,,,1,,,,,,,,,,,
minoraverages/1908Reach,1907,Virginia League,walsh-por+dan,B00117,Walsh,,1,Portsmouth,,,,,,,,,,,,,,,
minoraverages/1908Reach,1907,Virginia League,walsh-por+dan,B00117,Walsh,,2,Danville,,,,,,,,,,,,,,,
minoraverages/1908Reach,1907,Virginia League,walsh-por+dan,B00117,Walsh,,T,,,,39,,,,,,,,,,,,
minoraverages/1908Reach,1907,Virginia League,walsh.r-ric,F20080,Walsh,R.,0,Richmond,,,,,,,,,,,,,82,,
minoraverages/1908Reach,1907,Virginia League,walsh-por+dan,F20943,Walsh,,1,Portsmouth,,,,,,,,,,,,,,yes,
minoraverages/1908Reach,1907,Virginia League,walsh-por+dan,F20943,Walsh,,2,Danville,,,,,,,,,,,,,,yes,
minoraverages/1908Reach,1907,Virginia League,walsh-por+dan,F20943,Walsh,,T,,,,,,,,,,,,,,,39,
minoraverages/1908Reach,1907,Virginia League,walsh-por+dan,P10100,Walsh,,1,Portsmouth,,,,,,,,,,,,,,,
minoraverages/1908Reach,1907,Virginia League,walsh-por+dan,P10100,Walsh,,2,Danville,,,,,,,,,,,,,,,
minoraverages/1908Reach,1907,Virginia League,walsh-por+dan,P10100,Walsh,,T,,,,,37,,,,,,,,,,,
minoraverages/1908Reach,1907,Virginia League,warren,B00672,Warren,,1,Portsmouth,,,,,,,,,,,,,,,
minoraverages/1908Reach,1907,Virginia League,warren,B00672,Warren,,2,Richmond,,,,,,,,,,,,,,,
minoraverages/1908Reach,1907,Virginia League,warren,B00672,Warren,,T,,,,129,,,,,,,,,,,,
minoraverages/1908Reach,1907,Virginia League,warren,F20350,Warren,,0,Richmond,,,,,12,,,,,,,,,,
minoraverages/1908Reach,1907,Virginia League,warren,F20594,Warren,,1,Portsmouth,,,,,,,yes,,,,,,,,
minoraverages/1908Reach,1907,Virginia League,warren,F20594,Warren,,2,Richmond,,,,,,,yes,,,,,,,,
minoraverages/1908Reach,1907,Virginia League,warren,F20594,Warren,,T,,,,,,,,115,,,,,,,,
minoraverages/1908Reach,1907,Virginia League,walsh.r-ric,B00811,Wash,R.,0,Richmond,,,82,,,,,,,,,,,,
minoraverages/1908Reach,1907,Virginia League,willis,B01108,Willis,,0,Roanoke,,,36,,,,,,,,,,,,
minoraverages/1908Reach,1907,Virginia League,willis,F21021,Willis,,0,Roanoke,,,,,,,,,,,,,,36,
minoraverages/1908Reach,1907,Virginia League,willis,P10253,Willis,,0,Roanoke,,,,35,,,,,,,,,,,
minoraverages/1908Reach,1907,Virginia League,wynne,B01055,Wynne,,1,Norfolk,,,,,,,,,,,,,,,
minoraverages/1908Reach,1907,Virginia League,wynne,B01055,Wynne,,2,Lynchburg,,,,,,,,,,,,,,,
minoraverages/1908Reach,1907,Virginia League,wynne,B01055,Wynne,,T,,,,43,,,,,,,,,,,,
minoraverages/1908Reach,1907,Virginia League,wynne,F20425,Wynne,,1,Norfolk,,,,,,yes,,,,,,,,,
minoraverages/1908Reach,1907,Virginia League,wynne,F20425,Wynne,,2,Lynchburg,,,,,,yes,,,,,,,,,
minoraverages/1908Reach,1907,Virginia League,wynne,F20425,Wynne,,T,,,,,,,43,,,,,,,,,
